15.200 27.271 13.911
15.336 27.312 15.415
16.364 26.299 15.932
16.167 25.081 15.787
14.019 26.968 16.088
14.198 27.038 17.607
13.515 25.568 15.575
14.524 28.415 18.088
17.456 26.771 16.532
18.424 25.815 17.028
19.122 26.165 18.302
19.066 27.314 18.764
19.462 25.453 15.954
20.074 26.595 15.228
19.577 27.231 14.128
21.316 27.232 15.536
20.432 28.224 13.735
21.509 28.247 14.583
22.287 27.040 16.529
22.632 29.072 14.591
23.410 27.860 16.539
23.570 28.866 15.574
19.749 25.135 18.882
20.481 25.312 20.118
21.976 25.551 19.890
22.692 24.756 19.257
20.273 24.132 21.104
20.996 24.363 22.482
20.392 23.601 23.680
20.278 22.357 23.569
20.050 24.249 24.727
22.397 26.700 20.410
23.762 27.176 20.389
24.266 26.466 21.626
24.324 25.236 21.636
23.776 28.685 20.602
25.065 29.451 20.395
25.282 29.683 18.923
24.983 30.760 21.143
24.584 27.210 22.682
25.067 26.593 23.909
23.911 26.119 24.800
22.765 26.008 24.346
26.032 27.555 24.651
25.568 29.010 24.899
26.757 30.030 25.000
27.351 30.393 23.603
28.278 31.600 23.494
24.216 25.812 26.057
23.211 25.337 27.015
22.198 26.422 27.347
22.581 27.491 27.836
23.896 24.900 28.319
22.961 24.268 29.349
22.434 22.948 28.823
21.678 22.171 29.892
21.577 20.706 29.542
20.915 26.150 27.103
19.855 27.127 27.408
19.880 28.396 26.528
19.395 29.459 26.959
19.916 27.570 28.891
19.613 26.429 29.883
18.493 25.858 29.818
20.493 26.114 30.735
20.473 28.302 25.330
20.514 29.432 24.402
20.156 28.943 23.012
20.551 27.836 22.599
21.872 30.111 24.327
21.744 31.398 23.522
22.357 30.422 25.691
19.390 29.781 22.310
18.906 29.482 20.969
19.067 30.600 19.971
19.116 31.794 20.292
17.425 29.146 20.998
17.073 27.996 21.874
16.870 28.175 23.243
16.955 26.708 21.332
16.560 27.091 24.050
16.642 25.620 22.123
16.449 25.815 23.477
16.162 24.725 24.254
19.095 30.189 18.726
19.229 31.152 17.685
18.008 31.022 16.806
17.519 29.900 16.550
20.536 30.902 16.857
20.385 31.394 15.401
21.697 31.613 17.520
17.498 32.182 16.388
16.383 32.211 15.469
16.815 33.009 14.230
17.098 34.214 14.309
15.107 32.867 16.086
13.939 32.784 15.060
14.750 32.197 17.450
16.868 32.294 13.102
17.233 32.818 11.785
16.036 33.518 11.161
14.966 32.905 10.979
17.638 31.672 10.851
19.024 31.107 11.055
19.115 29.641 10.644
18.278 29.200 9.807
20.029 28.942 11.157
16.235 34.772 10.771
15.162 35.549 10.198
15.500 36.370 8.961
16.510 37.077 8.911
14.645 36.491 11.282
13.328 36.260 12.036
12.883 34.799 12.113
13.556 36.876 13.402
14.664 36.264 7.939
14.858 37.123 6.770
14.506 38.487 7.421
13.443 38.639 8.024
13.866 36.754 5.667
14.067 37.564 4.389
14.754 38.635 4.405
13.499 37.120 3.354
15.408 39.449 7.355
15.137 40.704 8.008
14.187 41.551 7.224
14.004 42.716 7.542
16.412 41.509 8.211
16.371 42.396 9.468
16.683 43.735 9.559
16.119 41.959 10.810
16.646 44.144 10.874
16.309 43.074 11.661
15.766 40.728 11.377
16.163 42.991 13.047
15.621 40.645 12.765
15.823 41.777 13.584
13.572 41.015 6.183
12.677 41.890 5.424
11.395 42.094 6.214
10.850 41.139 6.788
12.347 41.319 4.052
11.739 42.315 3.087
12.493 43.344 2.536
10.398 42.185 2.691
11.924 44.220 1.597
9.818 43.046 1.757
10.570 44.046 1.210
9.973 44.806 0.225
10.905 43.354 6.260
9.684 43.698 6.983
8.522 42.756 6.641
7.833 42.220 7.528
9.433 45.118 6.531
10.804 45.644 6.325
11.488 44.545 5.610
8.331 42.510 5.352
7.213 41.676 4.947
7.414 40.184 5.188
6.494 39.400 4.977
6.872 41.927 3.453
6.552 43.413 3.150
6.321 44.155 4.128
6.520 43.839 1.948
8.584 39.775 5.657
8.802 38.343 5.809
8.318 37.791 7.097
8.424 38.425 8.131
10.302 37.975 5.610
7.776 36.580 7.046
7.228 35.803 8.162
8.221 35.713 9.307
9.424 35.784 9.097
6.983 34.441 7.536
6.612 34.799 6.131
7.650 35.833 5.790
7.719 35.594 10.521
8.618 35.469 11.635
8.621 33.977 11.841
8.244 33.212 10.940
9.041 33.528 13.009
9.014 32.103 13.248
8.087 31.853 14.430
8.142 32.555 15.448
10.441 31.581 13.519
10.552 30.079 13.834
11.961 29.551 13.631
12.938 30.210 14.079
12.082 28.466 13.019
7.202 30.881 14.283
6.320 30.583 15.385
7.185 29.719 16.277
7.414 28.531 15.984
5.068 29.822 14.924
3.866 30.021 15.851
2.422 28.955 15.499
2.555 27.706 16.817
7.679 30.351 17.346
8.547 29.720 18.342
7.790 29.187 19.573
6.832 29.815 20.050
9.612 30.713 18.835
10.789 29.954 19.471
10.065 31.604 17.685
8.270 28.052 20.095
7.671 27.360 21.249
8.618 26.981 22.421
9.335 25.986 22.366
6.955 26.089 20.749
6.380 25.324 21.918
5.888 26.477 19.717
8.557 27.750 23.503
9.416 27.530 24.660
8.922 26.613 25.783
8.431 27.072 26.818
9.815 28.865 25.310
10.138 30.170 24.567
11.276 30.875 25.300
10.511 29.887 23.123
9.099 25.316 25.576
8.765 24.274 26.555
9.476 24.601 27.896
10.703 24.596 27.947
9.315 22.912 26.017
8.783 22.685 24.702
9.005 21.736 26.966
8.753 24.880 28.978
9.454 25.177 30.240
10.058 23.906 30.853
9.345 23.100 31.438
8.499 25.837 31.230
9.254 26.364 32.802
11.375 23.738 30.705
12.112 22.558 31.200
12.156 22.491 32.736
13.125 22.949 33.386
13.531 22.558 30.601
14.381 21.360 31.052
13.830 20.227 31.186
15.613 21.572 31.246
11.094 21.883 33.283
10.850 21.736 34.728
9.574 20.888 34.947
8.576 21.422 35.436
10.610 23.158 35.370
10.012 23.046 36.673
9.663 23.968 34.497
9.589 19.567 34.612
8.378 18.723 34.797
7.501 18.915 36.082
7.444 18.023 36.942
8.916 17.274 34.640
10.441 17.401 34.843
10.761 18.748 34.221
6.806 20.067 36.171
5.924 20.448 37.309
4.455 20.736 36.925
3.655 21.072 37.803
6.477 21.694 38.050
5.654 22.174 39.279
5.204 23.638 39.176
4.508 23.982 38.196
5.537 24.443 40.077
4.114 20.622 35.634
2.743 20.839 35.123
2.027 22.108 35.623
1.923 23.079 34.872
1.873 19.600 35.408
1.517 22.059 36.860
0.820 23.154 37.572
0.552 24.488 36.832
1.188 24.788 35.827
1.606 23.475 38.866
0.821 23.146 40.155
-0.286 23.710 40.344
1.320 22.335 40.986
-0.392 25.289 37.335
-0.637 26.585 36.723
0.694 27.345 36.753
1.188 27.681 37.845
1.268 27.617 35.567
2.580 28.283 35.432
2.634 29.682 34.755
1.973 29.941 33.738
3.570 27.326 34.686
3.766 26.032 35.491
4.899 28.020 34.439
4.457 24.889 34.727
3.454 30.565 35.320
3.631 31.928 34.806
4.769 32.038 33.722
5.720 31.232 33.722
3.907 32.885 36.008
3.906 34.250 35.555
5.251 32.521 36.695
4.677 33.034 32.817
5.660 33.238 31.705
6.115 34.693 31.400
5.318 35.492 30.894
5.078 32.671 30.400
5.445 31.266 30.060
4.582 30.253 29.745
6.769 30.745 29.843
5.281 29.133 29.332
6.624 29.408 29.384
8.061 31.279 29.985
7.726 28.596 29.063
9.156 30.472 29.664
8.977 29.142 29.206
7.387 35.023 31.653
7.900 36.383 31.377
9.186 36.526 30.565
9.956 35.576 30.388
8.160 37.197 32.674
8.770 36.355 33.668
6.871 37.821 33.176
9.401 37.755 30.092
10.599 38.117 29.336
11.488 38.952 30.248
11.359 40.172 30.266
10.254 38.949 28.081
11.400 39.697 27.353
12.459 38.725 26.850
10.837 40.497 26.190
12.374 38.293 31.002
13.301 38.972 31.932
12.689 40.084 32.831
11.663 39.870 33.509
14.507 39.545 31.149
14.094 40.473 29.994
13.334 41.449 30.221
14.546 40.226 28.851
13.346 41.252 32.843
12.927 42.445 33.603
11.475 42.905 33.258
10.916 43.796 33.925
13.924 43.575 33.316
14.136 43.772 31.811
15.354 44.616 31.477
15.359 45.831 31.713
16.401 43.978 30.924
10.895 42.294 32.208
9.513 42.543 31.728
8.500 41.947 32.732
8.407 40.705 32.915
9.302 41.918 30.308
7.938 41.568 30.007
7.755 42.851 33.370
6.746 42.506 34.376
5.524 41.764 33.768
4.980 40.816 34.380
6.304 43.806 35.101
7.427 44.616 35.473
5.131 42.186 32.558
3.975 41.625 31.834
4.030 40.109 31.649
4.917 39.622 30.935
3.843 42.266 30.428
4.240 43.758 30.302
3.845 44.396 28.942
4.129 43.795 27.876
3.264 45.516 28.944
3.116 39.360 32.278
3.106 37.905 32.074
2.654 37.688 30.632
1.475 37.407 30.377
2.161 37.163 33.048
1.600 35.921 32.407
2.939 36.739 34.272
3.626 37.850 29.712
3.480 37.736 28.240
2.656 36.509 27.803
2.009 36.487 26.745
4.882 37.704 27.569
5.920 38.854 27.710
7.249 38.397 27.106
5.456 40.154 27.003
2.678 35.493 28.646
1.937 34.294 28.355
1.908 33.487 29.626
2.396 33.928 30.678
1.329 32.304 29.537
1.263 31.456 30.696
0.908 30.037 30.281
0.570 29.774 29.112
0.256 32.028 31.694
0.700 33.294 32.176
0.992 29.127 31.245
0.734 27.730 30.965
2.072 27.052 31.187
2.697 27.255 32.233
2.533 26.281 30.206
3.818 25.569 30.309
4.689 25.866 29.077
5.854 26.282 29.173
3.536 24.056 30.415
4.739 23.146 30.214
4.317 21.703 29.962
5.545 20.825 29.830
5.258 19.382 30.028
4.065 25.620 27.929
4.621 25.808 26.606
4.224 27.194 26.068
3.174 27.337 25.406
4.097 24.684 25.635
4.867 23.489 25.825
4.170 25.115 24.174
5.032 28.217 26.375
4.762 29.545 25.840
4.899 29.335 24.323
5.449 28.314 23.890
5.802 30.558 26.302
5.436 32.014 25.987
4.494 32.542 27.051
6.677 32.879 25.964
4.388 30.266 23.520
4.463 30.177 22.053
4.458 31.621 21.555
3.709 32.463 22.079
3.255 29.380 21.459
3.385 27.997 21.791
3.217 29.478 19.962
5.296 31.930 20.569
5.336 33.311 20.092
5.844 33.588 18.679
6.344 32.700 17.981
6.141 34.216 21.076
7.368 33.459 21.589
5.235 34.680 22.243
8.480 34.350 21.980
5.680 34.852 18.282
6.083 35.361 16.973
7.366 36.178 17.077
7.429 37.278 17.648
4.969 36.226 16.351
5.386 37.113 15.123
4.983 36.531 13.752
4.760 37.282 12.793
4.903 35.197 13.656
8.402 35.617 16.503
9.666 36.280 16.520
9.760 37.015 15.203
9.281 36.537 14.184
10.739 35.239 16.643
10.880 34.797 18.107
10.326 34.047 15.792
10.339 38.198 15.224
10.479 38.923 13.994
11.268 40.165 14.290
11.808 40.825 13.388
9.113 39.252 13.414
9.076 39.164 11.888
9.922 40.247 11.239
9.810 40.207 9.736
10.436 38.973 9.222
11.377 40.464 15.572
12.117 41.645 15.959
12.886 41.416 17.257
12.560 40.516 18.059
11.154 42.835 16.082
11.698 44.139 15.501
11.832 44.128 13.967
10.825 43.832 13.268
12.939 44.436 13.465
13.916 42.232 17.455
14.746 42.110 18.649
13.930 42.179 19.940
14.159 41.408 20.873
15.836 43.175 18.638
16.993 42.868 17.696
17.804 41.737 17.904
17.311 43.745 16.641
18.900 41.496 17.091
18.416 43.512 15.811
19.210 42.392 16.035
12.976 43.101 19.995
12.151 43.188 21.173
11.541 41.825 21.426
11.335 41.468 22.578
11.271 41.059 20.365
10.668 39.730 20.492
11.687 38.717 20.954
11.381 37.532 21.153
10.085 39.259 19.160
8.902 40.109 18.695
8.066 40.529 19.549
8.808 40.343 17.465
12.909 39.208 21.126
14.024 38.382 21.551
14.480 38.680 22.973
14.490 39.838 23.435
15.199 38.563 20.587
14.867 37.623 23.671
15.338 37.823 25.013
15.327 36.636 25.943
14.990 35.495 25.600
15.727 36.959 27.159
15.796 36.027 28.234
14.375 35.775 28.673
13.784 36.605 29.354
16.599 36.661 29.357
16.928 35.737 30.490
17.539 34.455 30.001
16.839 33.577 29.482
18.855 34.336 30.145
13.805 34.658 28.245
12.456 34.319 28.669
12.589 33.544 29.929
13.573 32.836 30.127
11.717 33.453 27.664
11.009 34.268 26.620
10.175 33.665 25.686
11.246 35.640 26.509
9.616 34.403 24.662
10.691 36.386 25.490
9.890 35.765 24.562
9.460 36.485 23.472
11.575 33.643 30.773
11.615 32.956 32.044
10.235 32.445 32.492
9.213 33.111 32.308
12.240 33.917 33.065
12.556 35.162 32.398
13.525 33.311 33.645
10.221 31.241 33.056
8.988 30.621 33.541
9.086 30.240 35.031
8.164 29.653 35.617
8.666 29.380 32.698
10.048 28.208 32.428
12.716 26.438 34.606
13.647 26.475 33.473
13.918 27.878 32.892
13.129 28.837 33.064
13.172 25.542 32.338
14.168 25.395 31.330
15.053 27.957 32.195
15.539 29.174 31.552
15.221 29.086 30.066
14.644 28.092 29.595
17.057 29.241 31.714
17.565 30.552 32.221
18.888 30.748 32.568
16.933 31.724 32.466
19.048 31.984 33.008
17.877 32.597 32.957
15.604 30.133 29.339
15.454 30.166 27.884
15.835 31.494 27.264
15.100 32.472 27.366
14.048 29.748 27.453
14.043 28.352 27.178
17.013 31.521 26.639
17.503 32.729 25.983
17.357 32.639 24.469
17.645 31.601 23.863
18.966 32.995 26.342
19.557 34.299 25.776
18.530 35.442 25.794
20.777 34.683 26.594
16.871 33.724 23.871
16.701 33.776 22.437
17.531 34.866 21.811
17.488 36.047 22.208
15.241 33.951 22.067
14.455 32.646 22.282
13.335 32.571 21.245
15.359 31.407 22.148
18.347 34.438 20.854
19.195 35.348 20.130
18.802 35.181 18.695
18.417 34.074 18.257
20.659 35.016 20.348
21.161 35.281 21.780
22.668 35.135 21.784
20.761 36.686 22.263
18.869 36.297 17.974
18.493 36.318 16.575
19.650 36.370 15.578
20.666 37.062 15.770
17.595 37.510 16.296
16.293 37.818 17.015
15.901 39.185 16.491
15.219 36.762 16.780
19.454 35.656 14.478
20.433 35.616 13.410
19.866 36.391 12.240
18.938 35.927 11.575
20.669 34.158 13.003
21.913 33.956 12.195
22.855 34.947 12.024
22.387 32.865 11.549
23.859 34.474 11.308
23.597 33.212 11.009
20.394 37.566 11.965
19.831 38.312 10.837
20.137 37.761 9.439
21.167 37.155 9.203
20.311 39.754 10.880
19.650 40.607 11.939
19.536 42.046 11.462
20.885 42.663 11.255
20.727 43.944 10.544
19.255 37.976 8.485
19.560 37.526 7.130
19.034 38.557 6.135
17.819 38.716 5.965
18.925 36.166 6.860
19.411 35.535 5.571
18.814 34.165 5.451
19.635 33.237 4.547
19.034 31.840 4.626
19.925 39.272 5.474
19.423 40.261 4.546
19.683 40.052 3.080
20.815 40.096 2.640
19.946 41.636 4.902
19.530 42.118 6.271
20.334 43.333 6.716
21.359 43.141 7.464
19.944 44.464 6.287
18.619 39.826 2.326
18.718 39.720 0.873
19.551 38.506 0.448
20.092 38.427 -0.680
19.273 41.054 0.332
19.196 41.172 -1.184
18.217 40.718 -1.811
20.132 41.750 -1.760
19.623 37.561 1.385
20.321 36.322 1.169
21.581 36.238 1.972
22.197 35.185 2.070
22.033 37.309 2.571
23.235 37.024 3.278
23.173 37.383 4.725
22.561 38.374 5.090
24.455 37.632 2.554
25.014 38.778 3.336
24.089 38.086 1.142
25.901 39.644 2.440
23.771 36.528 5.554
23.827 36.719 6.995
24.516 38.040 7.404
25.344 38.573 6.666
24.532 35.545 7.620
23.896 34.267 7.342
24.393 33.261 6.571
22.627 33.808 7.824
23.527 32.201 6.542
22.429 32.504 7.299
21.631 34.365 8.650
21.274 31.746 7.573
20.481 33.598 8.922
20.320 32.303 8.381
24.164 38.582 8.569
24.734 39.849 9.016
26.157 39.687 9.449
26.521 38.597 9.924
23.907 40.452 10.174
23.601 39.512 11.230
26.949 40.751 9.245
28.355 40.816 9.678
28.609 42.194 10.298
29.577 42.965 9.966
29.352 40.567 8.554
29.231 41.574 7.535
29.139 39.173 8.012
27.727 42.454 11.257
27.701 43.695 11.970
28.728 43.760 13.027
29.551 44.656 13.017
26.312 43.931 12.568
25.310 44.381 11.514
25.768 45.184 10.658
24.113 43.951 11.537
28.700 42.802 13.936
29.643 42.805 15.029
31.114 42.970 14.704
31.846 43.497 15.530
29.545 41.568 15.806
28.103 41.274 16.100
30.358 41.707 17.080
27.994 40.051 16.931
31.563 42.503 13.537
32.977 42.625 13.206
33.291 43.466 12.018
32.484 43.676 11.084
33.623 41.268 12.990
33.456 40.309 14.149
34.006 38.969 13.800
34.178 40.889 15.325
34.515 43.943 12.059
34.995 44.795 11.013
35.733 43.963 9.939
36.596 43.113 10.249
35.904 45.890 11.627
35.853 47.235 10.871
36.806 48.264 11.448
36.418 48.660 12.879
37.305 49.741 13.440
35.347 44.206 8.686
35.935 43.568 7.518
37.326 44.182 7.425
37.476 45.282 6.876
35.122 43.948 6.276
35.567 43.222 5.013
36.781 43.132 4.728
34.675 42.756 4.277
38.335 43.494 7.970
39.714 43.990 7.935
40.138 44.186 6.484
41.296 44.479 6.215
40.671 42.997 8.589
40.155 42.365 9.859
41.262 41.766 10.707
41.006 41.168 11.734
42.500 41.938 10.280
39.182 44.030 5.563
39.399 44.157 4.122
40.745 43.537 3.739
40.815 42.337 3.421
39.342 45.628 3.702
41.786 44.378 3.814
43.200 44.088 3.502
43.576 42.765 2.836
44.147 42.796 1.724
44.080 44.307 4.753
43.304 41.598 3.493
43.632 40.272 2.927
42.843 39.872 1.697
43.419 39.410 0.732
43.382 39.319 4.087
43.679 40.181 5.288
42.967 41.465 4.923
41.525 40.053 1.728
40.687 39.692 0.574
39.201 40.113 0.627
38.384 39.558 -0.109
40.789 38.162 0.318
38.853 41.086 1.468
37.463 41.550 1.582
36.512 40.483 2.069
36.365 39.425 1.451
36.928 42.107 0.263
36.984 43.634 0.206
36.516 44.344 1.122
37.550 44.151 -0.880
35.820 40.821 3.152
34.901 39.928 3.840
35.850 39.045 4.633
35.654 37.838 4.774
34.049 39.113 2.870
32.802 39.838 2.435
32.052 40.391 3.647
30.633 40.914 3.304
29.834 41.253 4.541
36.902 39.700 5.117
37.930 39.105 5.932
37.750 39.705 7.326
38.185 40.822 7.621
39.314 39.458 5.393
39.419 38.961 4.054
40.414 38.864 6.263
37.089 38.934 8.176
36.804 39.308 9.540
37.823 38.741 10.503
38.303 39.458 11.375
35.400 38.842 9.853
34.394 39.467 8.966
34.058 40.809 9.122
33.841 38.761 7.915
33.188 41.439 8.241
32.958 39.390 7.013
32.636 40.732 7.185
38.150 37.460 10.326
39.147 36.726 11.129
40.511 36.639 10.427
40.594 36.171 9.297
38.665 35.302 11.366
37.598 35.115 12.428
36.828 36.390 12.587
36.715 33.949 12.074
41.574 37.093 11.081
42.920 36.989 10.496
43.843 36.160 11.377
43.899 36.364 12.582
43.570 38.355 10.297
44.973 38.212 9.741
45.601 39.522 9.314
44.647 40.375 8.602
44.959 41.550 8.049
46.213 42.013 8.119
44.013 42.274 7.443
44.577 35.234 10.771
45.490 34.413 11.533
46.951 34.518 11.085
47.280 35.053 10.006
45.007 32.987 11.498
43.203 32.857 11.747
47.836 34.018 11.947
49.261 34.053 11.713
49.882 32.857 12.428
49.345 32.377 13.418
49.800 35.348 12.286
50.725 36.053 11.375
50.609 37.553 11.479
51.220 38.097 12.431
49.903 38.179 10.621
50.998 32.359 11.926
51.672 31.234 12.544
53.130 31.656 12.576
53.571 32.411 11.708
51.492 29.955 11.711
53.854 31.189 13.596
55.247 31.528 13.797
56.151 30.464 13.220
57.350 30.680 13.121
55.550 31.632 15.290
55.833 33.036 15.856
54.889 33.364 17.036
55.218 34.707 17.649
55.394 35.734 16.544
55.587 29.322 12.826
56.389 28.229 12.299
55.449 27.101 11.930
54.264 27.260 11.996
57.303 27.779 13.399
56.602 27.793 14.739
55.495 27.289 14.882
57.241 28.376 15.720
55.972 25.945 11.561
55.120 24.839 11.193
54.721 24.012 12.399
54.385 22.828 12.251
55.828 23.920 10.226
56.171 24.562 8.911
57.341 25.290 8.761
55.324 24.475 7.841
57.665 25.905 7.581
55.634 25.103 6.660
56.821 25.808 6.534
57.195 26.359 5.323
54.730 24.625 13.580
54.419 23.888 14.802
53.007 23.380 14.891
52.760 22.386 15.556
54.685 24.745 16.030
53.749 25.796 16.109
52.086 24.073 14.230
50.684 23.694 14.272
49.933 24.625 15.207
48.712 24.526 15.385
50.693 25.516 15.815
50.167 26.479 16.730
49.962 27.791 15.966
50.761 28.133 15.098
51.145 26.694 17.888
50.531 27.556 18.998
51.397 27.695 20.261
51.749 26.399 20.873
52.338 26.253 22.069
52.640 27.332 22.806
52.654 25.031 22.520
48.914 28.539 16.303
48.647 29.801 15.630
47.695 30.799 16.341
46.810 30.432 17.127
48.114 29.517 14.219
46.811 28.742 14.198
46.812 27.333 14.216
45.579 29.417 14.117
45.602 26.603 14.142
44.388 28.706 14.049
44.407 27.295 14.059
47.861 32.074 16.030
47.006 33.056 16.624
46.115 33.636 15.572
46.546 33.828 14.442
47.838 34.188 17.248
48.415 33.719 18.463
46.986 35.407 17.565
44.863 33.871 15.947
43.889 34.518 15.077
43.381 35.712 15.903
43.337 35.670 17.127
42.699 33.605 14.716
42.982 32.134 13.639
43.001 36.774 15.212
42.507 37.980 15.838
41.450 38.673 14.993
41.393 38.480 13.788
43.665 38.945 16.063
44.675 38.904 14.993
45.550 37.870 14.717
44.943 39.922 14.023
46.342 38.190 13.629
45.994 39.443 13.186
44.405 41.193 13.775
46.514 40.200 12.121
44.925 41.953 12.709
45.970 41.449 11.900
40.594 39.467 15.633
39.601 40.244 14.901
39.331 41.586 15.519
39.848 41.905 16.580
38.308 39.505 14.772
37.866 38.972 16.022
36.900 39.474 16.816
38.257 37.725 16.586
36.639 38.603 17.846
37.460 37.518 17.727
39.199 36.757 16.234
37.567 36.384 18.516
39.308 35.633 17.015
38.498 35.449 18.142
38.505 42.358 14.830
38.154 43.704 15.246
36.656 43.983 15.305
35.862 43.523 14.479
38.796 44.718 14.296
40.297 44.552 14.076
40.817 45.553 13.056
40.995 44.738 15.404
36.295 44.777 16.298
34.911 45.187 16.517
34.906 46.674 16.944
35.971 47.232 17.278
34.261 44.297 17.614
32.894 44.666 17.783
34.998 44.426 18.919
33.743 47.334 16.881
33.642 48.732 17.334
32.935 48.694 18.686
32.921 49.653 19.425
32.838 49.609 16.361
31.775 48.839 15.800
33.726 50.136 15.249
32.395 47.540 19.019
31.693 47.344 20.259
32.572 47.290 21.515
33.753 46.980 21.459
30.840 46.070 20.157
29.700 46.287 19.151
30.287 45.685 21.522
30.132 46.559 17.704
31.954 47.600 22.659
32.603 47.608 23.976
31.671 47.005 25.057
32.153 46.477 26.066
32.970 49.055 24.362
33.260 49.863 23.222
30.351 47.092 24.822
29.289 46.597 25.732
29.192 45.067 25.798
30.197 44.380 25.661
27.859 47.229 25.375
26.811 46.311 25.727
27.737 47.598 23.881
28.015 44.509 26.034
27.978 43.069 26.093
28.532 42.531 24.793
28.071 42.910 23.711
26.570 42.523 26.289
26.574 41.008 26.556
27.024 40.220 25.678
26.133 40.611 27.658
29.525 41.648 24.923
30.208 41.007 23.799
30.765 39.644 24.187
31.835 39.572 24.771
31.385 41.865 23.347
31.333 42.639 22.037
32.562 43.533 21.947
31.276 41.670 20.868
30.057 38.562 23.909
30.632 37.260 24.222
31.150 36.687 22.881
30.661 37.062 21.797
29.600 36.314 24.901
28.551 35.976 23.983
28.977 36.999 26.098
32.167 35.824 22.959
32.788 35.199 21.775
33.135 33.725 21.972
33.840 33.360 22.913
34.091 35.896 21.420
33.930 37.144 20.641
33.154 37.172 19.510
34.634 38.292 21.002
33.076 38.330 18.731
34.569 39.455 20.239
33.789 39.476 19.098
32.663 32.868 21.090
33.021 31.465 21.216
34.060 31.146 20.113
34.136 31.857 19.107
31.795 30.607 21.059
32.132 29.271 21.284
34.869 30.105 20.296
35.888 29.766 19.309
36.194 28.276 19.198
36.588 27.659 20.176
37.210 30.408 19.641
38.192 30.023 18.602
37.078 31.871 19.755
36.026 27.695 18.013
36.347 26.280 17.809
37.190 26.160 16.497
37.398 27.140 15.772
35.054 25.430 17.792
37.739 24.989 16.212
38.570 24.843 15.009
38.872 23.373 14.774
38.816 22.571 15.681
39.894 25.609 15.220
40.774 25.561 14.107
39.185 23.027 13.543
39.560 21.662 13.218
40.230 21.633 11.833
40.268 22.650 11.127
38.339 20.797 13.186
37.668 21.005 11.963
40.781 20.482 11.445
41.384 20.392 10.136
40.604 19.422 9.299
40.571 18.236 9.574
42.831 19.964 10.199
43.402 20.113 8.791
44.763 19.528 8.595
45.764 20.313 9.271
46.509 21.225 8.669
46.322 21.448 7.363
47.468 21.876 9.366
39.980 19.927 8.252
39.152 19.074 7.423
37.695 19.239 7.847
37.388 19.805 8.913
36.776 18.780 7.008
35.356 18.875 7.342
34.793 17.479 7.257
34.443 16.907 8.282
34.642 19.830 6.393
35.039 21.161 6.678
34.730 16.930 6.041
34.258 15.556 5.820
35.271 14.631 6.508
36.068 13.953 5.837
34.212 15.236 4.312
32.878 15.205 3.809
35.215 14.616 7.842
36.116 13.855 8.711
37.168 14.820 9.277
38.356 14.795 8.927
36.794 12.688 7.976
37.960 12.111 8.764
37.912 12.157 10.017
38.920 11.610 8.132
36.719 15.710 10.160
37.613 16.684 10.776
38.699 15.997 11.588
38.623 14.797 11.825
36.667 17.516 11.634
35.592 16.544 11.993
35.351 15.835 10.693
39.716 16.771 11.968
40.856 16.312 12.770
40.989 17.383 13.849
40.657 18.553 13.624
42.152 16.257 11.951
42.238 15.175 10.870
42.016 13.769 11.419
40.880 13.314 11.546
43.105 13.081 11.753
41.511 17.004 15.008
41.586 17.940 16.111
42.490 19.137 16.234
43.698 19.073 15.988
41.880 20.223 16.690
42.583 21.476 16.946
42.104 21.957 18.295
40.934 21.922 18.581
42.253 22.588 15.926
42.925 23.905 16.363
42.702 22.164 14.563
42.992 22.430 19.132
42.531 22.857 20.418
42.743 24.359 20.570
43.879 24.872 20.436
43.261 22.043 21.498
42.897 20.649 21.382
42.941 22.575 22.851
41.657 25.088 20.826
41.807 26.525 20.951
41.591 27.050 22.328
40.828 26.514 23.105
40.865 27.271 20.038
41.213 27.292 18.256
42.275 28.154 22.594
42.195 28.810 23.880
41.037 29.781 23.919
39.981 29.543 23.330
41.224 30.910 24.571
40.101 31.772 24.672
40.278 33.216 24.358
41.214 33.883 24.783
39.501 31.574 26.043
39.327 33.641 23.543
39.106 34.989 23.038
39.506 36.088 24.025
39.355 35.927 25.224
37.621 35.051 22.746
39.961 37.234 23.546
40.377 38.213 24.519
40.734 39.602 24.054
41.145 39.788 22.895
41.565 37.624 25.266
41.083 37.001 26.462
42.653 38.673 25.534
40.591 40.577 24.961
40.984 41.938 24.613
42.513 41.906 24.488
43.214 41.445 25.390
40.586 42.975 25.681
40.921 44.420 25.197
39.761 44.903 24.331
41.202 45.415 26.361
43.012 42.393 23.361
44.439 42.396 23.088
44.953 43.817 22.957
46.101 44.110 23.319
44.728 41.643 21.774
43.973 40.442 21.680
44.109 44.689 22.408
44.478 46.080 22.217
43.274 46.908 21.827
42.263 46.349 21.384
45.556 46.192 21.161
43.392 48.234 22.015
42.319 49.209 21.698
42.795 50.334 20.774
43.990 50.530 20.580
41.736 49.843 22.978
41.161 48.851 24.013
40.220 49.504 25.045
39.694 48.752 25.906
40.002 50.752 24.990
37.968 51.326 17.914
38.281 49.943 17.522
38.956 49.107 18.625
39.993 49.487 19.162
39.126 49.963 16.245
40.037 48.789 16.063
40.654 48.773 14.687
41.790 48.267 14.538
39.991 49.265 13.748
38.332 47.977 18.961
38.811 47.053 19.995
39.178 45.697 19.339
38.361 45.107 18.618
37.716 46.853 21.059
37.278 48.137 21.767
37.014 49.314 21.043
37.145 48.188 23.163
36.641 50.513 21.682
36.766 49.392 23.815
36.523 50.543 23.060
36.186 51.719 23.684
40.399 45.216 19.609
40.950 43.957 19.053
40.927 42.728 19.960
41.323 42.804 21.102
42.395 44.190 18.617
43.183 42.927 18.419
44.630 43.192 18.018
44.872 43.574 16.841
45.513 43.014 18.896
40.477 41.589 19.440
40.426 40.341 20.225
41.211 39.329 19.461
41.301 39.418 18.247
38.998 39.816 20.392
38.110 40.814 21.045
38.134 42.142 20.616
37.267 40.464 22.090
37.363 43.112 21.191
36.468 41.437 22.695
36.525 42.780 22.233
35.766 43.819 22.783
41.759 38.366 20.183
42.572 37.314 19.592
42.353 36.015 20.346
41.727 36.001 21.400
44.043 37.682 19.700
44.477 37.532 21.042
42.859 34.927 19.790
42.767 33.622 20.430
43.959 32.816 19.916
44.578 33.207 18.915
41.436 32.891 20.110
41.167 32.958 18.633
41.494 31.412 20.599
44.273 31.716 20.612
45.410 30.845 20.285
44.973 29.432 20.133
44.230 28.928 20.970
46.427 30.859 21.397
46.739 32.232 21.909
47.785 32.889 21.063
48.484 32.121 20.355
47.918 34.144 21.116
45.452 28.774 19.086
45.075 27.385 18.877
46.282 26.571 18.563
47.313 27.118 18.230
44.108 27.304 17.748
42.811 28.537 17.980
46.151 25.257 18.667
47.274 24.358 18.412
46.787 23.134 17.688
45.919 22.432 18.203
47.896 23.939 19.740
48.848 22.774 19.691
50.103 23.066 18.882
50.402 22.376 17.888
50.848 24.080 19.302
47.306 22.863 16.489
46.839 21.659 15.840
47.272 20.536 16.764
48.378 20.589 17.327
47.440 21.486 14.472
46.648 20.496 13.760
47.120 20.285 12.383
47.888 21.156 11.903
46.704 19.262 11.772
46.434 19.510 16.913
46.761 18.451 17.869
47.895 17.453 17.685
48.910 17.552 18.389
45.481 17.724 18.313
44.692 18.535 19.379
45.301 19.424 20.073
43.468 18.272 19.534
47.775 16.476 16.810
48.920 15.557 16.707
49.644 15.961 15.431
49.617 15.231 14.420
48.448 14.088 16.653
49.495 13.200 17.061
50.296 17.127 15.533
50.976 17.833 14.436
52.453 17.702 14.097
53.336 18.228 14.793
50.653 19.330 14.565
52.711 17.055 12.972
54.076 16.925 12.496
54.414 18.125 11.593
53.824 18.326 10.509
54.267 15.645 11.700
56.007 15.497 11.224
55.398 18.924 12.013
55.810 20.094 11.235
56.202 19.707 9.819
56.093 20.537 8.937
57.016 20.606 12.000
56.888 19.995 13.367
56.382 18.635 13.065
56.674 18.469 9.593
57.077 18.033 8.247
55.984 17.522 7.329
56.213 17.281 6.164
58.157 17.028 8.327
54.782 17.419 7.845
53.632 16.965 7.091
53.181 17.879 5.953
52.947 19.036 6.171
52.505 16.816 8.033
53.027 17.353 4.744
52.507 18.140 3.621
51.027 18.414 3.921
50.314 17.461 4.139
52.608 17.320 2.337
53.975 17.434 1.698
54.121 16.530 0.536
53.100 15.998 0.066
55.260 16.343 0.079
50.562 19.671 3.931
49.152 19.939 4.268
48.319 19.778 3.033
48.748 20.179 1.970
48.905 21.369 4.760
49.877 21.914 5.756
49.498 23.280 6.267
48.422 23.400 6.903
50.279 24.229 6.035
47.124 19.218 3.123
46.352 19.126 1.892
44.856 19.255 2.138
44.052 19.036 1.257
46.651 17.839 1.190
46.008 16.840 1.916
44.488 19.595 3.359
43.109 19.842 3.684
43.315 21.029 4.547
44.135 21.006 5.463
42.498 18.728 4.495
41.983 17.570 3.648
41.355 16.591 4.597
40.983 18.040 2.595
42.567 22.095 4.300
42.851 23.224 5.176
42.318 23.209 6.597
41.487 22.398 6.969
42.310 24.388 4.371
41.200 23.804 3.738
41.663 22.493 3.223
42.832 24.127 7.397
42.344 24.308 8.737
41.204 25.305 8.645
41.240 26.243 7.829
43.441 24.886 9.609
44.523 23.807 9.785
42.853 25.417 10.904
45.529 24.110 10.813
40.178 25.090 9.457
39.038 26.005 9.514
38.922 26.565 10.933
39.044 25.829 11.898
37.722 25.302 9.152
37.604 24.795 7.726
38.110 23.333 7.614
38.276 22.790 6.473
38.340 22.722 8.700
38.713 27.867 11.065
38.533 28.488 12.375
37.090 29.014 12.387
36.678 29.723 11.477
39.526 29.660 12.572
39.345 30.300 13.923
40.958 29.157 12.476
36.308 28.638 13.392
34.913 29.063 13.533
34.737 30.035 14.689
35.025 29.680 15.823
34.040 27.882 13.866
33.429 27.213 12.719
34.659 26.416 11.793
35.199 25.189 13.008
34.227 31.232 14.427
33.980 32.189 15.509
32.524 32.643 15.751
31.844 33.150 14.843
34.788 33.426 15.333
34.312 34.450 16.323
36.268 33.097 15.541
32.063 32.473 16.997
30.711 32.866 17.399
30.752 34.219 18.080
31.556 34.472 18.981
30.088 31.805 18.295
29.337 30.752 17.490
29.045 31.022 16.288
29.022 29.664 18.037
29.918 35.112 17.578
29.839 36.459 18.106
28.418 36.771 18.551
27.437 36.544 17.829
30.283 37.479 17.049
28.299 37.280 19.765
26.985 37.654 20.274
27.083 38.995 20.982
27.636 39.101 22.084
26.443 36.597 21.196
25.330 37.131 21.930
25.989 35.420 20.380
26.586 40.018 20.287
26.552 41.400 20.768
25.123 41.694 21.099
24.325 41.956 20.211
26.987 42.372 19.685
26.613 43.796 19.968
26.642 44.333 21.242
26.276 44.814 19.135
26.347 45.620 21.178
26.121 45.938 19.913
24.803 41.647 22.377
23.437 41.883 22.819
22.631 40.639 22.527
23.023 39.533 22.906
22.803 43.090 22.096
22.294 44.175 23.039
21.672 45.367 22.302
20.175 45.546 22.678
19.871 45.674 24.147
21.503 40.842 21.860
20.599 39.766 21.496
20.826 39.238 20.044
20.213 38.243 19.622
19.183 40.281 21.685
18.686 40.465 23.124
17.660 41.574 23.156
18.084 39.173 23.652
21.731 39.901 19.305
22.098 39.560 17.912
23.189 38.496 17.855
24.151 38.518 18.638
22.614 40.792 17.165
22.697 40.607 15.702
23.582 41.649 15.114
22.893 42.964 14.962
23.863 44.126 15.066
23.044 37.584 16.901
23.993 36.485 16.731
24.637 36.377 15.363
23.962 36.161 14.377
23.302 35.158 16.981
24.147 33.993 16.565
25.098 33.477 17.433
24.006 33.401 15.307
25.897 32.392 17.079
24.800 32.311 14.939
25.748 31.805 15.844
26.509 30.689 15.584
25.941 36.510 15.296
26.627 36.326 14.031
27.652 35.157 14.198
27.813 34.605 15.300
27.303 37.635 13.644
26.309 38.775 13.648
26.822 40.053 12.968
28.012 40.436 13.145
25.999 40.685 12.261
28.260 34.706 13.103
29.313 33.702 13.205
30.187 33.777 11.996
29.729 33.904 10.890
28.804 32.270 13.505
28.122 31.583 12.338
28.331 31.893 11.176
27.313 30.592 12.702
31.482 33.776 12.239
32.471 33.884 11.174
33.266 32.625 10.877
33.256 31.667 11.646
33.399 35.010 11.518
32.626 36.246 11.723
31.948 36.462 12.917
32.538 37.195 10.718
31.197 37.603 13.109
31.784 38.349 10.901
31.121 38.543 12.101
30.413 39.691 12.310
33.976 32.626 9.766
34.694 31.421 9.410
35.969 31.750 8.634
35.989 32.629 7.831
33.768 30.535 8.540
34.064 29.145 8.718
33.963 30.899 7.078
37.045 31.041 8.887
38.267 31.285 8.134
38.935 29.960 7.783
39.082 29.116 8.671
39.242 32.105 8.939
40.350 32.346 8.113
39.298 29.783 6.504
40.005 28.577 6.002
41.414 28.925 5.511
41.586 29.837 4.672
39.272 27.945 4.825
38.395 26.926 5.260
42.416 28.208 6.016
43.808 28.418 5.589
44.686 27.186 5.826
44.307 26.257 6.564
44.430 29.592 6.353
44.362 29.447 7.859
45.231 28.593 8.540
43.400 30.130 8.594
45.127 28.418 9.968
43.296 29.969 9.974
44.157 29.109 10.670
45.858 27.189 5.192
46.857 26.151 5.408
47.897 26.894 6.225
48.249 28.049 5.884
47.510 25.731 4.112
46.588 25.046 3.144
46.187 25.690 1.973
46.157 23.729 3.374
45.376 25.035 1.053
45.357 23.073 2.458
44.961 23.721 1.294
48.400 26.267 7.290
49.432 26.899 8.142
50.602 27.477 7.325
51.175 28.569 7.639
50.001 25.899 9.167
49.492 26.250 10.559
51.520 26.042 9.290
48.232 25.743 10.913
50.964 26.769 6.263
52.071 27.250 5.445
51.788 28.628 4.780
52.722 29.377 4.398
52.402 26.213 4.394
51.426 26.149 3.284
51.455 24.830 2.555
50.467 24.871 1.475
49.802 23.825 0.990
50.025 22.627 1.496
48.895 24.001 0.017
50.510 28.970 4.629
50.206 30.241 4.008
50.149 31.354 5.033
50.254 32.527 4.678
48.865 30.207 3.285
48.861 29.274 2.105
49.968 28.917 1.672
47.757 28.906 1.611
49.990 31.023 6.309
49.872 32.116 7.258
51.092 32.342 8.140
51.046 33.004 9.172
48.628 31.951 8.125
48.733 30.671 8.915
47.415 31.986 7.294
48.300 30.888 10.273
52.211 31.827 7.697
53.406 31.989 8.482
53.976 33.379 8.368
53.919 33.982 7.295
54.448 30.959 8.049
53.967 29.564 8.466
55.790 31.357 8.547
55.022 28.496 8.268
54.477 33.888 9.492
55.148 35.187 9.598
56.209 34.848 10.644
55.916 34.672 11.810
54.202 36.269 10.122
54.844 37.645 10.237
53.904 38.614 10.874
54.575 39.936 11.267
53.647 40.707 12.173
57.468 34.754 10.246
58.369 34.383 11.336
58.938 35.502 12.206
59.012 36.662 11.773
59.447 33.590 10.590
59.580 34.398 9.294
58.131 34.648 8.932
59.328 35.155 13.438
59.927 36.154 14.312
61.185 36.700 13.614
61.621 36.175 12.593
60.237 35.574 15.678
58.980 35.265 16.457
57.987 36.005 16.294
58.963 34.288 17.239
61.791 37.758 14.156
62.965 38.310 13.493
64.257 37.579 13.656
64.426 36.791 14.581
63.073 39.719 14.110
61.715 39.965 14.681
61.374 38.645 15.255
65.200 37.853 12.746
66.534 37.257 12.763
67.053 37.597 14.177
66.853 38.717 14.679
67.268 38.055 11.699
66.228 38.373 10.733
64.978 38.640 11.524
67.717 36.647 14.820
68.235 36.835 16.175
69.694 37.235 16.214
70.531 36.698 15.493
68.061 35.545 16.934
68.803 35.447 18.189
68.432 34.161 18.931
69.375 33.018 18.566
69.269 31.825 19.488
69.990 38.168 17.097
71.322 38.698 17.310
72.269 39.008 16.125
73.258 38.314 15.882
72.003 37.880 18.441
72.919 36.772 17.947
72.490 35.845 17.274
74.197 36.855 18.314
71.956 40.091 15.398
72.821 40.541 14.307
74.212 40.837 14.842
74.417 40.977 16.050
72.373 41.850 13.699
71.089 41.919 12.927
69.966 41.730 13.896
70.995 43.252 12.222
75.157 41.013 13.926
76.539 41.294 14.290
77.285 41.853 13.116
77.136 41.362 11.999
77.257 40.017 14.690
76.543 39.274 15.732
77.278 39.321 17.014
78.131 38.472 17.272
76.982 40.326 17.835
78.093 42.874 13.351
78.899 43.382 12.276
80.269 42.804 12.544
80.565 42.380 13.658
78.909 44.879 12.286
77.637 45.314 11.592
76.447 44.795 12.362
77.616 46.840 11.456
81.096 42.743 11.519
82.413 42.168 11.664
83.181 42.801 10.529
83.682 42.122 9.627
82.323 40.644 11.532
83.636 39.899 11.568
83.459 38.427 12.041
82.930 37.465 10.950
82.803 36.011 11.382
83.289 44.144 10.579
83.977 44.993 9.606
85.353 44.436 9.359
85.924 43.758 10.225
84.035 46.346 10.309
84.206 45.945 11.738
83.143 44.877 11.856
85.872 44.718 8.170
87.183 44.239 7.797
88.074 45.405 7.400
87.605 46.445 6.905
87.045 43.193 6.692
85.990 42.195 7.212
85.654 41.180 6.143
86.477 41.512 8.512
89.362 45.241 7.693
90.331 46.274 7.393
90.454 46.296 5.873
90.331 45.246 5.197
91.692 46.002 8.075
92.507 47.290 8.274
93.971 47.062 8.666
94.788 48.387 8.603
95.100 48.926 7.214
90.691 47.505 5.357
90.776 47.725 3.924
89.404 47.284 3.427
89.267 46.233 2.773
91.894 46.878 3.289
93.192 47.669 3.094
94.202 47.125 2.628
93.164 48.960 3.447
88.392 48.078 3.792
87.013 47.812 3.414
86.042 48.645 4.243
86.173 48.763 5.472
86.697 46.316 3.602
85.451 45.952 3.032
85.083 49.238 3.545
84.026 50.020 4.167
82.884 48.992 4.121
81.760 49.197 4.607
83.738 51.232 3.297
84.738 51.360 2.132
85.400 52.764 2.033
84.417 53.853 2.071
83.323 53.929 1.303
83.044 52.976 0.407
82.489 54.962 1.442
83.256 47.854 3.544
82.420 46.684 3.341
82.448 45.841 4.610
83.517 45.447 5.058
83.010 45.905 2.176
82.131 44.888 1.541
82.878 44.122 0.474
82.290 43.334 -0.278
84.192 44.347 0.401
81.269 45.555 5.164
81.132 44.780 6.414
80.520 43.392 6.287
79.722 43.144 5.398
80.228 45.490 7.437
80.699 45.148 8.849
80.167 46.992 7.144
80.864 42.513 7.221
80.324 41.176 7.210
79.209 41.068 8.224
79.470 40.895 9.403
81.391 40.146 7.545
81.032 38.783 6.965
81.156 37.636 7.968
80.785 37.849 9.154
81.603 36.525 7.563
77.961 41.155 7.773
76.821 41.068 8.674
76.367 39.628 8.929
76.405 38.794 8.051
75.665 41.967 8.146
75.569 41.879 6.666
74.371 41.609 8.792
75.965 39.314 10.148
75.525 37.956 10.439
74.360 37.972 11.436
74.061 39.016 12.024
76.693 37.154 11.018
76.675 37.162 12.446
73.702 36.828 11.619
72.579 36.715 12.568
72.352 35.250 12.719
73.146 34.464 12.225
71.321 37.364 12.009
70.965 36.818 10.651
70.220 35.691 10.370
71.504 37.257 9.406
70.285 35.406 9.030
71.063 36.351 8.415
72.326 38.326 9.035
71.417 36.484 7.082
72.681 38.456 7.715
72.226 37.539 6.748
71.271 34.882 13.382
70.907 33.474 13.594
69.398 33.320 13.497
68.663 34.296 13.683
71.304 33.031 14.990
72.748 33.245 15.318
73.118 32.858 16.759
74.339 32.743 17.032
72.206 32.677 17.600
68.939 32.091 13.256
67.497 31.796 13.168
66.794 32.174 14.487
67.375 31.998 15.554
67.289 30.296 12.895
67.319 29.900 11.417
68.425 30.152 10.624
66.185 29.361 10.795
68.395 29.897 9.270
66.153 29.108 9.444
67.248 29.381 8.686
67.179 29.196 7.326
65.563 32.734 14.438
64.881 33.078 15.698
64.568 31.807 16.445
64.392 30.746 15.830
63.610 33.799 15.253
63.406 33.365 13.859
64.805 33.258 13.291
64.480 31.904 17.766
64.248 30.726 18.594
62.985 29.925 18.362
63.010 28.694 18.527
64.423 31.107 20.064
65.887 31.442 20.385
66.730 30.500 20.390
66.203 32.649 20.591
61.908 30.609 17.951
60.626 29.973 17.683
60.556 29.286 16.337
59.623 28.532 16.107
59.457 30.973 17.641
59.735 31.974 16.650
59.187 31.617 18.995
61.498 29.545 15.428
61.414 28.930 14.098
61.539 27.438 14.155
62.029 26.895 15.145
62.454 29.469 13.137
62.232 29.012 11.740
63.055 28.233 10.979
61.089 29.287 10.932
62.487 27.999 9.725
61.278 28.638 9.684
59.925 30.015 11.132
60.332 28.706 8.665
59.006 30.076 10.118
59.211 29.426 8.903
61.089 26.763 13.102
61.145 25.323 13.105
62.533 24.808 12.882
63.353 25.437 12.203
60.231 24.738 12.045
58.867 24.963 12.330
62.790 23.662 13.488
64.058 22.955 13.343
63.674 21.563 12.810
62.551 21.097 13.011
64.779 22.839 14.722
63.889 22.301 15.711
65.223 24.200 15.196
64.557 20.916 12.047
65.886 21.391 11.641
65.856 22.528 10.607
65.225 22.416 9.572
66.557 20.111 11.122
65.414 19.313 10.614
64.336 19.513 11.639
66.567 23.607 10.872
66.584 24.735 9.959
66.850 24.444 8.502
66.170 24.998 7.652
67.567 25.829 10.399
67.341 26.341 11.788
66.108 26.307 12.414
68.183 26.948 12.657
66.202 26.875 13.607
67.449 27.274 13.777
67.829 23.613 8.175
68.118 23.340 6.758
66.890 22.711 6.067
66.735 22.801 4.839
69.385 22.470 6.601
69.286 21.244 7.322
66.013 22.094 6.843
64.808 21.544 6.282
63.768 22.689 6.167
63.197 22.881 5.129
64.281 20.462 7.192
63.191 19.640 6.585
63.514 18.546 5.816
61.835 19.875 6.896
62.551 17.659 5.371
60.837 18.982 6.451
61.228 17.859 5.687
60.346 16.891 5.297
63.501 23.415 7.251
62.573 24.543 7.212
63.368 25.847 6.981
63.643 26.642 7.901
61.794 24.635 8.517
61.074 23.404 8.851
61.589 22.523 9.774
59.899 23.079 8.194
60.953 21.314 10.052
59.245 21.887 8.444
59.780 20.990 9.387
63.740 26.049 5.732
64.516 27.207 5.333
63.750 28.488 5.338
62.594 28.535 4.941
65.030 27.045 3.900
65.938 25.988 3.795
64.427 29.550 5.721
63.815 30.863 5.666
64.683 31.538 4.638
65.837 31.111 4.444
63.980 31.602 6.998
63.142 31.165 8.203
63.943 31.369 9.464
61.878 31.968 8.282
64.148 32.508 3.903
65.045 33.263 3.051
65.105 34.621 3.840
64.122 35.035 4.486
64.560 33.392 1.561
64.788 34.733 1.116
63.117 33.073 1.369
66.272 35.271 3.876
66.464 36.556 4.612
66.727 37.723 3.706
67.433 37.585 2.735
67.667 36.466 5.539
67.590 35.343 6.533
68.237 34.129 6.288
66.858 35.496 7.733
68.158 33.082 7.229
66.776 34.480 8.663
67.422 33.267 8.421
66.161 38.875 3.998
66.452 40.072 3.189
67.361 40.935 4.075
67.056 41.165 5.247
65.165 40.814 2.879
65.335 42.395 2.065
68.502 41.346 3.539
69.456 42.176 4.294
69.538 43.592 3.687
70.016 43.779 2.580
70.852 41.544 4.309
71.809 42.456 4.941
70.829 40.255 5.083
69.065 44.576 4.440
69.018 45.956 3.980
69.847 47.002 4.759
70.112 46.891 5.964
67.555 46.375 3.965
67.281 47.743 3.461
65.832 48.157 3.723
64.927 47.914 2.910
65.604 48.775 4.884
70.253 48.034 4.038
71.004 49.130 4.629
70.310 50.447 4.285
69.976 50.678 3.121
72.425 49.189 4.062
73.114 50.420 4.561
73.206 47.982 4.487
70.069 51.299 5.276
69.462 52.600 4.977
69.490 53.645 6.100
69.081 54.808 5.890
68.011 52.444 4.452
66.954 51.923 5.437
65.556 52.523 5.191
65.044 52.505 4.066
64.937 53.057 6.254
67.656 51.474 -3.250
67.342 50.135 -2.726
68.492 49.506 -1.902
68.550 49.675 -0.684
66.955 49.190 -3.882
67.986 49.127 -5.037
68.247 47.683 -5.505
69.262 47.662 -6.643
69.439 46.316 -7.275
69.386 48.772 -2.570
70.543 48.119 -1.929
70.185 47.073 -0.843
70.414 47.276 0.374
71.482 49.170 -1.325
72.760 48.560 -0.809
73.371 49.160 0.107
73.144 47.483 -1.332
69.633 45.949 -1.307
69.234 44.869 -0.429
70.142 43.732 -0.759
70.929 43.812 -1.678
67.806 44.419 -0.736
66.774 45.503 -0.902
65.733 45.446 0.210
64.379 45.714 -0.281
63.352 46.026 0.503
63.510 46.115 1.819
62.158 46.244 -0.028
70.042 42.684 0.034
70.754 41.458 -0.215
69.853 40.307 0.248
69.453 40.234 1.418
72.088 41.400 0.483
72.643 39.991 0.425
73.018 42.285 -0.211
69.490 39.444 -0.705
68.658 38.288 -0.423
69.581 37.082 -0.338
70.515 36.962 -1.132
67.644 38.123 -1.524
66.502 39.088 -1.452
66.569 40.318 -2.065
65.324 38.736 -0.812
65.487 41.187 -2.054
64.212 39.606 -0.796
64.309 40.826 -1.422
69.348 36.238 0.659
70.154 35.031 0.894
69.431 34.047 1.826
68.442 34.404 2.479
71.522 35.322 1.586
72.319 34.126 1.617
71.301 35.722 3.000
69.931 32.815 1.856
69.385 31.787 2.712
70.507 31.362 3.613
70.432 30.327 4.281
68.891 30.589 1.915
69.953 30.003 1.012
71.145 30.439 1.039
69.571 29.094 0.243
71.572 32.156 3.585
72.726 31.937 4.454
72.443 32.793 5.717
71.439 33.541 5.768
74.023 32.404 3.781
74.146 31.998 2.347
75.457 31.304 2.035
76.559 32.279 1.622
77.180 33.054 2.759
73.279 32.674 6.747
73.035 33.491 7.927
74.051 34.595 8.091
74.347 34.979 9.214
73.018 32.680 9.169
74.139 31.805 9.148
71.716 31.906 9.270
74.544 35.096 6.955
75.516 36.172 6.863
75.421 36.841 5.492
74.722 36.379 4.596
76.914 35.629 7.012
77.365 35.112 5.781
76.172 37.908 5.308
76.154 38.628 4.040
77.214 39.723 4.060
77.791 39.992 5.097
74.781 39.247 3.800
77.481 40.342 2.918
78.464 41.381 2.906
77.873 42.637 2.357
77.382 42.660 1.249
79.668 41.014 2.122
80.339 39.901 2.743
80.582 42.148 2.128
77.915 43.689 3.168
77.366 44.986 2.811
78.384 46.110 2.914
79.584 45.894 3.141
76.234 45.340 3.721
75.011 44.504 3.374
76.687 45.090 5.147
77.878 47.324 2.761
78.706 48.509 2.804
78.059 49.542 3.703
76.949 50.010 3.443
78.896 49.039 1.380
80.174 48.427 0.817
78.837 50.558 1.350
80.393 48.699 -0.633
78.768 49.905 4.763
78.252 50.864 5.726
78.354 52.381 5.452
79.155 52.843 4.641
78.873 50.533 7.071
77.832 49.368 7.978
77.524 53.149 6.150
77.492 54.606 6.013
77.004 55.210 7.333
77.489 56.251 7.797
76.553 55.012 4.859
71.142 52.468 8.779
71.759 51.375 9.550
71.681 50.055 8.766
71.455 50.066 7.548
71.033 51.192 10.893
70.996 52.396 11.632
71.869 48.929 9.469
71.767 47.576 8.876
70.603 46.736 9.462
70.545 46.477 10.661
73.073 46.775 9.087
74.162 47.283 8.161
72.843 45.294 8.821
75.504 46.709 8.553
69.665 46.316 8.630
68.577 45.468 9.153
68.383 44.154 8.367
68.835 43.993 7.221
67.258 46.229 9.203
67.491 47.579 8.914
67.712 43.214 9.022
67.451 41.909 8.456
66.076 41.409 8.861
65.693 41.528 10.018
68.503 40.916 8.965
68.413 39.636 8.195
69.891 41.523 8.847
65.311 40.877 7.920
63.999 40.307 8.266
64.012 38.945 7.571
64.867 38.733 6.705
62.853 41.182 7.744
63.087 41.667 6.326
61.968 42.521 5.759
62.081 42.523 4.292
61.294 43.208 3.457
60.316 43.982 3.958
61.477 43.079 2.124
63.094 38.045 7.963
62.985 36.686 7.413
61.639 36.376 6.759
60.611 37.000 7.028
63.264 35.665 8.481
61.665 35.341 5.933
60.516 34.902 5.141
60.509 33.377 4.957
61.569 32.757 4.793
60.656 35.582 3.773
59.492 35.484 2.883
59.757 35.986 1.452
60.786 35.680 0.809
58.795 36.735 0.937
59.352 32.730 5.003
59.396 31.277 4.695
59.997 31.196 3.286
59.789 32.097 2.462
58.014 30.626 4.680
58.078 29.146 4.364
58.322 28.316 5.276
57.896 28.824 3.178
60.735 30.127 3.005
61.423 30.001 1.711
60.539 29.629 0.583
60.859 29.882 -0.558
62.567 28.980 1.847
63.259 28.546 0.586
64.430 29.450 0.144
64.131 30.115 -1.149
65.003 30.254 -2.161
64.602 30.853 -3.285
66.280 29.809 -2.053
59.369 29.116 0.916
58.469 28.569 -0.084
57.039 29.016 -0.303
56.516 28.887 -1.419
58.378 27.051 0.166
59.698 26.343 0.296
60.209 25.972 1.551
60.447 26.060 -0.846
61.455 25.333 1.661
61.668 25.447 -0.762
62.178 25.089 0.475
63.449 24.565 0.474
56.382 29.419 0.784
54.977 29.764 0.754
54.668 31.163 1.174
54.881 32.105 0.374
54.220 28.791 1.642
54.297 27.352 1.163
53.683 26.955 -0.016
54.977 26.386 1.909
53.736 25.641 -0.434
55.043 25.071 1.501
54.424 24.696 0.336
54.488 23.386 -0.065
54.181 31.313 2.419
53.799 32.636 2.963
54.837 33.669 2.704
55.996 33.453 2.935
53.555 32.566 4.470
53.438 33.852 5.058
54.433 34.820 2.235
55.395 35.872 1.937
55.568 36.889 3.055
56.452 37.707 3.011
55.014 36.533 0.628
55.123 35.567 -0.397
54.739 36.799 4.071
54.820 37.670 5.233
56.258 37.678 5.757
56.755 36.627 6.190
53.911 37.153 6.373
52.556 36.962 5.969
56.905 38.854 5.710
58.257 39.046 6.230
58.157 39.238 7.730
57.119 39.615 8.228
58.898 40.294 5.677
59.265 40.174 4.292
58.553 40.600 3.218
60.458 39.571 3.781
59.254 40.290 2.044
60.413 39.663 2.375
61.556 38.969 4.378
61.403 39.185 1.571
62.559 38.492 3.565
62.475 38.604 2.168
59.254 38.979 8.432
59.315 39.119 9.878
59.638 40.586 10.162
60.164 41.277 9.281
60.452 38.262 10.451
61.697 38.901 10.263
59.319 41.048 11.377
59.661 42.414 11.784
61.188 42.560 11.633
61.930 41.618 11.913
59.315 42.652 13.261
57.886 42.369 13.692
56.878 43.247 12.973
57.212 44.434 12.710
55.755 42.745 12.682
61.641 43.735 11.197
63.063 44.007 11.023
63.882 43.858 12.310
63.367 44.019 13.430
63.272 45.427 10.559
62.894 45.733 9.160
61.838 46.484 8.750
63.617 45.373 7.976
61.853 46.629 7.380
62.933 45.949 6.877
64.779 44.629 7.737
63.370 45.799 5.550
65.216 44.490 6.431
64.506 45.075 5.347
65.162 43.553 12.140
66.085 43.449 13.257
67.194 44.409 12.812
67.696 44.303 11.677
66.611 42.030 13.391
67.572 45.376 13.645
68.613 46.274 13.162
69.867 46.375 14.001
69.963 45.838 15.103
68.058 47.678 12.920
66.879 47.636 12.153
70.846 47.055 13.425
72.123 47.302 14.061
72.713 48.632 13.500
72.503 48.982 12.317
73.077 46.101 13.824
74.522 46.507 14.089
72.700 44.973 14.759
73.425 49.409 14.353
74.031 50.675 13.929
75.216 50.354 13.033
76.088 49.578 13.424
74.471 51.281 15.249
74.933 50.060 16.014
73.761 49.126 15.766
75.252 50.950 11.844
76.350 50.677 10.907
77.759 50.982 11.441
78.695 50.203 11.228
76.140 51.434 9.581
76.079 50.412 8.054
77.917 52.118 12.119
79.227 52.520 12.671
79.673 51.582 13.814
80.107 50.441 13.585
79.183 53.994 13.175
78.801 54.924 12.150
74.675 21.716 -7.562
74.207 22.987 -7.019
73.632 23.858 -8.102
72.890 24.813 -7.826
75.316 23.736 -6.284
75.590 23.175 -4.859
75.465 24.236 -3.748
76.089 25.302 -3.826
74.662 23.939 -2.710
73.960 23.513 -9.343
73.427 24.224 -10.499
71.977 23.707 -10.623
71.095 24.329 -11.232
74.259 23.843 -11.708
73.774 24.485 -12.980
72.889 23.948 -13.675
74.353 25.646 -13.310
71.766 22.562 -9.976
70.502 21.830 -9.908
69.620 22.460 -8.871
68.463 22.797 -9.122
70.793 20.404 -9.464
69.620 19.455 -9.459
69.374 18.947 -10.849
69.921 18.331 -8.473
70.185 22.571 -7.681
69.497 23.172 -6.568
68.854 24.495 -6.944
67.740 24.793 -6.519
70.460 23.374 -5.397
70.738 22.141 -4.492
70.351 22.491 -3.018
69.939 20.893 -4.999
69.545 25.287 -7.751
69.020 26.572 -8.152
67.899 26.377 -9.156
66.887 27.086 -9.152
70.147 27.430 -8.755
69.725 28.893 -9.040
70.885 29.744 -9.603
70.415 30.871 -10.436
70.034 32.060 -9.968
70.076 32.301 -8.668
69.574 32.990 -10.791
68.077 25.411 -10.043
67.059 25.151 -11.050
65.808 24.764 -10.274
64.693 25.268 -10.555
67.500 24.039 -11.942
65.990 23.900 -9.269
64.836 23.502 -8.512
64.242 24.724 -7.813
63.035 24.996 -7.916
65.177 22.346 -7.537
64.060 22.153 -6.547
65.356 21.016 -8.339
65.098 25.507 -7.169
64.640 26.683 -6.462
63.997 27.779 -7.291
63.043 28.401 -6.838
65.747 27.200 -5.558
65.681 26.473 -4.304
64.479 28.020 -8.498
63.830 29.008 -9.377
62.444 28.497 -9.818
61.512 29.284 -10.028
64.625 29.213 -10.662
65.551 30.418 -10.616
65.110 31.578 -10.389
66.837 30.168 -10.860
62.291 27.180 -9.998
61.011 26.705 -10.439
60.066 26.936 -9.263
58.898 27.404 -9.421
61.147 25.246 -10.876
59.854 24.529 -11.187
59.071 23.879 -9.635
60.297 22.893 -9.073
60.576 26.694 -8.057
59.689 26.882 -6.942
59.316 28.333 -6.746
58.189 28.660 -6.395
60.273 26.252 -5.682
60.167 24.720 -5.642
60.898 24.180 -4.423
58.741 24.280 -5.615
60.242 29.223 -7.021
59.949 30.612 -6.827
58.923 30.981 -7.841
57.914 31.604 -7.508
61.213 31.438 -6.979
61.006 32.920 -6.859
60.373 33.340 -5.538
60.408 32.611 -4.507
59.793 34.543 -5.554
59.137 30.567 -9.080
58.156 30.852 -10.112
56.805 30.187 -9.817
55.747 30.816 -10.044
58.691 30.419 -11.447
57.838 30.825 -12.665
58.649 30.506 -13.956
60.177 30.993 -13.826
60.477 32.499 -13.900
56.784 28.942 -9.315
55.469 28.398 -8.991
54.844 29.316 -7.959
53.696 29.722 -8.101
55.557 27.013 -8.416
55.605 29.616 -6.901
55.137 30.468 -5.812
54.575 31.799 -6.316
53.508 32.260 -5.862
56.274 30.763 -4.792
55.856 31.825 -3.800
56.349 31.742 -2.340
57.716 32.214 -2.054
58.131 32.706 -0.883
57.291 32.842 0.120
59.427 32.949 -0.672
55.271 32.413 -7.270
54.811 33.693 -7.734
53.571 33.616 -8.578
52.626 34.336 -8.345
55.968 34.449 -8.404
56.831 35.164 -7.323
58.219 35.742 -7.787
59.170 34.991 -8.122
58.334 37.092 -7.771
53.507 32.684 -9.506
52.351 32.637 -10.377
51.225 31.662 -10.132
50.272 31.697 -10.879
52.791 32.383 -11.795
52.997 30.979 -11.960
54.101 33.093 -12.095
51.283 30.787 -9.135
50.190 29.835 -9.002
48.773 30.365 -8.766
47.796 29.624 -8.969
50.528 28.744 -7.983
51.117 27.496 -8.665
51.489 26.427 -7.686
50.134 26.966 -9.656
48.621 31.627 -8.363
47.254 32.185 -8.154
46.492 32.363 -9.497
45.273 32.180 -9.590
47.303 33.543 -7.415
47.832 33.469 -5.983
49.346 33.644 -5.906
49.787 34.811 -5.657
50.075 32.617 -6.107
47.257 32.693 -10.526
46.775 32.927 -11.872
46.384 31.596 -12.548
46.147 31.534 -13.766
47.885 33.685 -12.610
48.450 34.833 -11.794
49.032 34.596 -10.542
48.307 36.152 -12.211
49.456 35.646 -9.709
48.731 37.222 -11.382
49.305 36.962 -10.126
46.340 30.535 -11.729
45.944 29.175 -12.141
44.898 28.774 -11.086
45.244 28.295 -9.992
47.124 28.169 -12.139
48.103 28.282 -13.318
49.201 29.162 -13.277
47.943 27.499 -14.465
50.125 29.254 -14.358
48.855 27.584 -15.551
49.950 28.460 -15.492
50.876 28.507 -16.546
43.601 28.992 -11.423
42.317 28.777 -10.740
42.237 27.678 -9.702
42.965 27.714 -8.699
41.354 28.528 -11.903
41.827 29.489 -12.900
43.339 29.245 -12.858
41.334 26.726 -9.966
41.060 25.561 -9.123
41.236 25.739 -7.605
41.180 24.773 -6.832
41.856 24.320 -9.643
43.690 24.156 -9.479
55.634 6.810 0.992
55.632 8.202 1.466
56.962 8.926 1.605
57.695 8.721 2.591
54.983 8.359 2.818
55.157 9.740 3.186
57.222 9.827 0.668
58.458 10.583 0.645
58.746 11.409 1.909
59.868 11.448 2.393
58.443 11.429 -0.602
58.036 10.583 -1.672
59.755 11.968 -0.934
57.731 12.043 2.457
57.924 12.842 3.652
58.526 12.068 4.804
59.345 12.601 5.539
56.592 13.441 4.196
56.828 14.032 5.542
56.091 14.471 3.307
58.095 10.831 4.990
58.590 10.038 6.113
59.843 9.326 5.709
60.847 9.360 6.402
57.554 9.022 6.539
56.163 9.484 6.307
55.118 8.443 6.714
55.183 7.280 6.199
54.231 8.814 7.545
59.782 8.671 4.569
60.941 7.974 4.120
62.161 8.895 4.176
63.272 8.419 4.273
60.718 7.501 2.754
61.958 10.207 4.104
63.058 11.148 4.138
62.881 12.030 5.327
63.230 13.193 5.259
63.053 12.055 2.933
63.055 11.232 1.331
62.304 11.518 6.398
62.135 12.347 7.566
63.490 12.592 8.253
64.301 11.680 8.413
61.177 11.710 8.539
60.951 12.690 9.677
60.063 13.828 9.214
60.289 11.971 10.803
63.770 13.843 8.639
65.042 14.175 9.296
65.167 13.492 10.640
64.182 13.373 11.338
64.973 15.703 9.427
64.197 16.055 8.218
63.069 15.063 8.220
66.379 13.087 11.020
66.535 12.408 12.292
65.923 13.176 13.390
65.146 12.641 14.149
67.992 12.154 12.691
68.113 11.466 14.100
67.318 10.182 14.128
69.525 11.123 14.439
66.279 14.431 13.485
65.748 15.212 14.551
64.261 15.216 14.709
63.796 15.271 15.844
66.234 16.636 14.457
66.522 17.026 13.069
67.868 16.557 12.587
68.876 17.085 13.086
67.907 15.681 11.707
63.498 15.173 13.618
62.023 15.191 13.751
61.444 13.902 14.363
60.237 13.770 14.604
61.340 15.484 12.383
61.397 16.966 11.941
60.520 17.154 10.734
60.933 17.912 13.052
62.331 12.947 14.602
61.976 11.675 15.192
61.675 11.864 16.694
60.758 11.256 17.254
63.113 10.742 14.982
63.145 10.393 13.597
62.941 9.515 15.822
62.461 12.720 17.327
62.266 13.039 18.710
60.842 13.538 18.964
60.453 13.689 20.118
63.219 14.154 19.103
64.630 13.954 18.588
65.525 15.184 18.879
67.010 14.930 18.487
67.893 16.124 18.683
60.063 13.815 17.915
58.704 14.350 18.094
57.634 13.331 17.804
57.460 12.884 16.682
58.517 15.599 17.226
57.115 16.203 17.316
56.927 17.366 16.951
56.125 15.416 17.760
56.917 12.998 18.870
55.840 12.011 18.897
55.128 11.728 17.583
55.232 10.649 16.983
54.797 12.459 19.926
54.573 11.506 21.143
55.436 11.838 22.400
56.248 10.967 22.806
55.292 12.953 22.985
54.401 12.749 17.165
53.555 12.767 15.978
54.101 12.771 14.553
53.358 13.146 13.653
52.652 13.973 16.124
53.420 15.023 16.721
55.337 12.352 14.301
55.824 12.421 12.922
55.916 11.141 12.065
56.297 10.056 12.514
57.161 13.168 12.891
57.082 15.000 12.909
60.132 2.921 11.219
60.541 4.199 11.815
61.860 4.791 11.266
62.812 5.093 12.007
60.643 4.083 13.362
61.349 5.225 13.866
61.372 2.785 13.788
61.877 4.979 9.952
63.024 5.505 9.233
63.354 6.976 9.320
62.574 7.801 9.793
62.897 5.144 7.766
63.271 3.792 7.569
64.537 7.309 8.834
64.932 8.696 8.836
66.228 8.898 8.063
66.869 7.922 7.660
65.060 9.171 10.287
66.073 8.414 11.068
67.439 8.693 10.919
65.684 7.370 11.900
68.399 7.933 11.589
66.633 6.614 12.567
67.993 6.893 12.413
66.585 10.162 7.821
67.834 10.484 7.147
68.553 11.412 8.067
67.968 11.918 9.006
67.653 11.164 5.760
66.958 12.525 5.884
66.920 10.233 4.849
66.433 13.064 4.569
69.837 11.617 7.805
70.648 12.493 8.654
71.410 13.550 7.867
71.625 13.409 6.667
71.708 11.722 9.496
71.189 10.472 9.944
72.035 12.554 10.739
71.825 14.591 8.586
72.576 15.724 8.060
73.728 15.392 7.123
74.237 16.287 6.428
73.089 16.558 9.226
71.968 17.208 9.983
71.520 18.299 9.607
71.468 16.531 11.032
74.152 14.127 7.114
75.222 13.712 6.218
74.704 13.248 4.845
74.051 12.188 4.746
74.985 14.028 3.789
74.550 13.653 2.445
75.123 14.526 1.338
75.692 14.041 0.355
71.749 4.765 6.060
72.214 4.576 4.703
71.318 3.737 3.832
71.197 3.972 2.635
73.577 3.952 4.666
73.976 3.859 3.300
70.721 2.702 4.377
69.797 1.959 3.536
68.562 2.921 3.519
67.870 3.077 2.484
69.507 0.578 4.185
68.313 -0.152 3.601
68.256 -0.470 2.247
67.228 -0.475 4.404
67.130 -1.089 1.713
66.108 -1.094 3.873
66.052 -1.400 2.534
68.330 3.572 4.673
67.243 4.523 4.843
67.426 5.607 3.805
66.465 6.046 3.167
67.242 5.117 6.249
66.689 4.161 7.329
67.030 4.594 9.083
65.547 3.942 9.677
68.678 6.000 3.623
69.037 6.994 2.636
68.540 6.531 1.255
67.786 7.238 0.595
70.558 7.167 2.656
71.161 8.135 1.649
70.532 9.798 1.824
71.151 10.214 3.437
68.932 5.351 0.797
68.460 4.915 -0.520
66.946 4.752 -0.596
66.376 4.876 -1.674
69.135 3.644 -0.925
66.291 4.461 0.532
64.834 4.367 0.525
64.256 5.729 0.177
63.374 5.840 -0.673
64.313 3.946 1.888
64.406 2.427 1.986
63.870 1.955 3.280
63.665 1.774 0.838
64.785 6.757 0.860
64.396 8.155 0.689
64.539 8.551 -0.760
63.552 8.953 -1.410
65.255 9.086 1.549
65.043 10.834 1.066
65.772 8.451 -1.254
66.058 8.773 -2.647
65.182 7.974 -3.622
64.673 8.526 -4.590
67.527 8.529 -2.956
68.574 9.360 -2.244
69.793 9.314 -3.091
68.161 10.829 -2.163
65.003 6.670 -3.373
64.171 5.822 -4.242
62.762 6.417 -4.236
62.135 6.599 -5.268
64.164 4.375 -3.718
62.918 3.698 -3.903
62.280 6.756 -3.057
60.959 7.328 -2.974
60.862 8.625 -3.778
59.893 8.824 -4.513
60.565 7.579 -1.526
59.265 8.127 -1.558
61.872 9.495 -3.669
61.820 10.728 -4.411
61.757 10.380 -5.872
60.883 10.858 -6.589
63.022 11.592 -4.141
62.884 12.239 -2.779
63.072 12.695 -5.136
64.168 12.790 -2.266
62.665 9.520 -6.314
62.697 9.132 -7.719
61.381 8.548 -8.259
61.057 8.721 -9.417
63.824 8.140 -7.965
64.011 7.784 -9.440
64.864 8.541 -10.261
63.291 6.733 -10.024
64.979 8.264 -11.628
63.402 6.437 -11.376
64.239 7.203 -12.181
64.306 6.948 -13.549
60.611 7.865 -7.425
59.365 7.300 -7.919
58.362 8.370 -8.134
57.612 8.335 -9.124
58.805 6.259 -6.957
59.551 4.911 -7.054
59.753 4.460 -8.523
58.744 4.533 -9.296
60.914 4.062 -8.878
58.340 9.303 -7.176
57.461 10.466 -7.208
57.665 11.220 -8.520
56.705 11.621 -9.165
57.817 11.395 -6.066
57.174 11.002 -4.779
56.301 10.136 -4.772
57.514 11.562 -3.749
58.931 11.431 -8.885
59.241 12.114 -10.109
58.739 11.361 -11.326
58.161 11.986 -12.218
60.737 12.371 -10.229
61.345 13.308 -9.176
62.828 13.247 -9.330
60.829 14.774 -9.308
58.928 10.038 -11.386
58.440 9.255 -12.545
56.903 9.439 -12.693
56.364 9.650 -13.797
58.795 7.763 -12.381
59.247 7.033 -13.656
59.517 5.525 -13.385
60.118 4.765 -14.612
61.645 4.883 -14.799
56.186 9.394 -11.583
54.755 9.595 -11.675
54.456 10.910 -12.358
53.760 10.924 -13.385
54.120 9.522 -10.298
53.525 8.133 -10.114
53.449 7.421 -8.432
55.150 6.315 -8.370
55.048 12.001 -11.843
54.820 13.329 -12.406
55.339 13.513 -13.810
54.700 14.182 -14.655
55.382 14.361 -11.492
54.460 14.612 -10.334
54.777 14.179 -9.059
53.278 15.292 -10.508
53.955 14.418 -7.997
52.424 15.534 -9.428
52.782 15.089 -8.177
51.938 15.296 -7.100
56.470 12.910 -14.109
56.959 13.033 -15.478
55.971 12.566 -16.526
55.907 13.136 -17.612
58.238 12.239 -15.672
58.805 12.246 -17.094
60.076 11.429 -17.155
60.000 10.211 -17.107
61.250 12.086 -17.205
55.218 11.504 -16.219
54.256 10.927 -17.153
53.102 11.882 -17.242
52.678 12.244 -18.338
53.795 9.465 -16.678
52.525 9.024 -17.348
54.807 8.491 -17.092
52.599 12.285 -16.087
51.512 13.247 -16.017
51.862 14.477 -16.890
51.127 14.807 -17.823
51.304 13.721 -14.580
50.742 12.712 -13.623
49.543 12.048 -14.220
48.688 12.817 -14.728
49.454 10.776 -14.196
52.986 15.145 -16.630
53.264 16.288 -17.453
53.366 16.041 -18.958
52.861 16.844 -19.743
54.478 17.011 -16.935
54.223 17.744 -15.650
54.751 17.297 -14.453
53.413 18.886 -15.637
54.469 17.981 -13.261
53.140 19.548 -14.463
53.669 19.098 -13.271
53.984 14.946 -19.385
54.081 14.674 -20.828
52.707 14.410 -21.457
52.443 14.810 -22.579
54.965 13.467 -21.126
56.378 13.570 -20.682
57.200 12.565 -21.459
58.731 12.774 -21.264
59.583 11.781 -22.046
51.845 13.711 -20.736
50.528 13.428 -21.242
49.814 14.744 -21.466
49.264 14.992 -22.536
49.794 12.557 -20.229
50.410 11.275 -20.238
48.353 12.401 -20.554
49.836 15.596 -20.452
49.185 16.903 -20.505
49.689 17.734 -21.681
48.928 18.265 -22.505
49.503 17.655 -19.236
48.998 16.960 -17.988
47.493 17.735 -17.548
47.335 18.986 -19.065
51.004 17.850 -21.727
51.650 18.599 -22.750
51.281 18.091 -24.118
51.219 18.853 -25.045
53.141 18.558 -22.519
53.862 19.595 -23.314
53.836 20.799 -23.001
54.517 19.143 -24.370
51.009 16.810 -24.262
50.623 16.288 -25.562
49.240 16.838 -25.835
49.039 17.469 -26.877
50.598 14.764 -25.552
48.283 16.602 -24.922
46.935 17.161 -25.133
47.120 18.654 -25.431
46.960 19.070 -26.545
46.024 17.019 -23.899
45.701 15.580 -23.436
45.007 15.597 -22.035
45.116 14.235 -21.261
45.707 14.284 -19.838
47.498 19.439 -24.437
47.706 20.868 -24.571
48.286 21.480 -25.857
48.052 22.661 -26.179
48.554 21.323 -23.382
47.753 22.032 -22.280
46.396 21.400 -22.191
48.435 21.976 -20.941
49.068 20.715 -26.597
49.672 21.272 -27.802
48.717 21.756 -28.909
49.139 22.486 -29.838
50.636 20.256 -28.374
51.542 20.736 -29.474
52.301 21.986 -29.070
52.513 19.647 -29.717
47.445 21.352 -28.812
46.419 21.684 -29.801
45.920 23.064 -29.607
45.304 23.619 -30.503
45.232 20.720 -29.744
45.560 19.231 -30.119
46.811 18.946 -31.498
48.381 18.421 -30.535
46.176 23.629 -28.438
45.754 24.981 -28.164
46.797 25.867 -28.813
47.868 26.027 -28.306
45.701 25.251 -26.662
45.581 26.742 -26.354
45.824 27.543 -27.284
45.264 27.120 -25.199
46.460 26.490 -29.932
47.373 27.362 -30.660
48.149 28.306 -29.783
49.192 28.830 -30.191
46.454 28.065 -31.642
45.177 28.153 -30.889
45.070 26.761 -30.324
47.667 28.514 -28.566
48.367 29.377 -27.622
49.643 28.610 -27.236
50.437 29.056 -26.415
47.480 29.587 -26.400
46.246 30.512 -26.600
45.347 30.089 -27.791
44.199 31.107 -28.125
43.323 30.735 -29.307
49.814 27.475 -27.935
50.846 26.412 -27.827
50.865 26.056 -26.372
49.793 25.899 -25.711
52.235 26.810 -28.352
52.218 27.459 -29.797
52.070 26.549 -31.037
50.863 25.695 -31.040
50.174 25.272 -32.124
50.553 25.616 -33.355
49.077 24.510 -31.981
52.052 25.838 -25.839
52.016 25.605 -24.403
52.330 26.969 -23.639
52.189 28.107 -24.175
52.875 24.354 -23.963
52.098 23.474 -22.892
50.965 24.323 -22.366
50.095 24.757 -23.164
50.991 24.643 -21.065
52.694 26.908 -22.384
52.894 28.158 -21.731
54.103 27.774 -20.998
55.045 27.282 -21.632
51.657 28.505 -20.907
50.978 27.198 -20.370
50.705 29.301 -21.815
49.331 27.088 -20.356
54.146 27.869 -19.696
55.435 27.567 -19.224
55.669 26.896 -17.912
56.600 26.081 -17.869
56.283 28.866 -19.353
56.802 29.138 -20.763
56.017 29.868 -21.709
58.011 28.589 -21.194
56.422 30.042 -23.101
58.419 28.764 -22.570
57.616 29.493 -23.528
54.879 27.171 -16.861
55.192 26.577 -15.553
55.371 25.043 -15.679
56.332 24.482 -15.168
54.119 26.888 -14.522
54.512 27.355 -13.109
53.439 26.973 -12.099
55.782 26.805 -12.681
54.463 24.381 -16.393
54.578 22.964 -16.580
55.859 22.566 -17.311
56.425 21.510 -17.028
53.362 22.402 -17.322
53.001 23.194 -18.559
52.488 24.331 -18.421
53.197 22.672 -19.682
56.325 23.378 -18.250
57.547 23.006 -18.951
58.724 23.252 -18.041
59.799 22.673 -18.147
57.661 23.804 -20.213
56.404 23.653 -21.011
56.305 24.637 -22.115
55.679 24.356 -23.111
56.920 25.820 -21.951
58.476 24.107 -17.078
59.495 24.404 -16.125
59.598 23.218 -15.179
60.678 22.630 -14.992
59.106 25.666 -15.400
60.239 26.598 -15.296
61.204 26.357 -14.538
60.172 27.680 -16.087
58.457 22.888 -14.578
58.371 21.774 -13.665
58.913 20.527 -14.330
59.729 19.817 -13.737
56.932 21.578 -13.213
56.443 22.756 -12.410
54.829 22.437 -11.735
54.577 23.899 -10.825
58.518 20.297 -15.582
58.998 19.134 -16.310
60.509 19.103 -16.504
61.170 18.085 -16.210
58.277 19.006 -17.645
58.546 17.720 -18.467
58.353 16.478 -17.601
57.636 17.706 -19.694
61.075 20.193 -17.006
62.515 20.214 -17.134
63.171 19.877 -15.776
64.124 19.096 -15.690
62.941 21.534 -17.579
62.642 20.421 -14.688
63.280 20.154 -13.400
63.153 18.705 -13.017
64.069 18.120 -12.465
62.716 21.109 -12.310
63.537 21.095 -11.025
62.769 22.485 -12.864
61.999 18.136 -13.313
61.730 16.730 -13.051
62.777 15.935 -13.844
63.518 15.177 -13.246
60.331 16.393 -13.526
59.322 16.814 -12.477
60.229 14.927 -13.922
57.892 16.755 -13.017
62.864 16.131 -15.164
63.865 15.435 -15.971
65.272 15.590 -15.336
65.982 14.624 -15.122
63.948 15.990 -17.431
62.684 15.717 -18.297
61.840 14.807 -18.033
62.556 16.447 -19.308
65.695 16.820 -15.077
67.005 17.038 -14.497
67.129 16.302 -13.184
68.080 15.611 -12.992
67.265 18.539 -14.348
67.250 19.203 -15.715
66.954 20.720 -15.747
66.662 21.366 -14.712
67.004 21.281 -16.869
66.171 16.407 -12.286
66.292 15.694 -11.020
66.423 14.173 -11.200
67.218 13.504 -10.497
65.102 15.981 -10.119
65.170 17.210 -9.239
63.886 17.353 -8.364
66.363 17.075 -8.392
65.636 13.621 -12.113
65.703 12.185 -12.383
67.079 11.790 -12.898
67.673 10.791 -12.430
64.637 11.755 -13.386
63.249 11.770 -12.782
61.956 11.352 -13.910
62.001 9.627 -13.684
67.622 12.570 -13.830
68.940 12.219 -14.340
69.925 12.147 -13.180
70.524 11.115 -12.928
69.376 13.188 -15.439
68.547 12.942 -16.709
69.162 13.544 -17.974
70.402 13.539 -18.132
68.299 14.054 -18.895
70.032 13.224 -12.426
70.930 13.238 -11.303
70.717 12.096 -10.329
71.668 11.664 -9.723
70.835 14.591 -10.564
69.502 11.586 -10.178
69.272 10.513 -9.185
69.636 9.057 -9.540
69.932 8.719 -10.693
67.816 10.566 -8.698
67.524 11.718 -7.732
66.017 11.973 -7.697
68.018 11.389 -6.332
39.458 23.334 -21.614
39.175 23.808 -20.267
39.187 22.641 -19.318
39.831 22.679 -18.268
37.816 24.483 -20.164
37.688 25.250 -18.856
38.541 26.341 -18.579
36.774 24.851 -17.857
38.494 27.014 -17.339
36.720 25.519 -16.601
37.587 26.597 -16.356
37.579 27.239 -15.133
38.439 21.608 -19.666
38.433 20.412 -18.851
39.906 20.122 -18.598
40.354 20.006 -17.458
37.825 19.244 -19.623
37.913 17.910 -18.892
37.300 16.774 -19.734
36.811 15.601 -18.869
35.829 14.726 -19.589
40.675 20.055 -19.674
42.076 19.745 -19.527
42.907 20.861 -18.885
43.905 20.592 -18.222
42.649 19.263 -20.885
42.844 17.832 -20.846
43.927 19.940 -21.200
42.504 22.109 -19.047
43.262 23.163 -18.406
43.083 23.095 -16.877
43.963 23.532 -16.115
42.854 24.530 -18.944
43.519 24.906 -20.280
43.237 26.381 -20.674
43.904 26.789 -22.016
43.584 28.215 -22.449
41.958 22.541 -16.422
41.706 22.380 -14.981
42.613 21.251 -14.453
43.309 21.417 -13.449
40.157 22.026 -14.670
39.299 23.303 -14.634
39.992 21.216 -13.363
39.959 24.531 -13.965
42.617 20.114 -15.142
43.406 18.964 -14.730
44.876 19.375 -14.552
45.625 18.820 -13.732
43.279 17.868 -15.787
43.693 16.504 -15.280
44.268 15.613 -16.390
44.983 14.364 -15.799
46.155 13.824 -16.604
45.271 20.375 -15.327
46.627 20.917 -15.306
46.839 21.823 -14.089
47.913 21.810 -13.483
46.858 21.730 -16.579
48.161 22.479 -16.768
49.276 21.509 -17.055
48.002 23.430 -17.916
45.830 22.627 -13.763
45.918 23.523 -12.622
46.150 22.678 -11.404
47.045 22.938 -10.588
44.619 24.314 -12.421
44.557 25.368 -10.919
45.320 21.658 -11.293
45.409 20.745 -10.190
46.792 20.129 -9.983
47.252 19.950 -8.867
44.381 19.634 -10.394
42.970 20.235 -10.182
44.720 18.421 -9.494
41.814 19.269 -10.508
47.452 19.823 -11.079
48.731 19.174 -11.049
49.918 20.063 -10.719
50.876 19.632 -10.032
48.946 18.571 -12.399
49.879 17.403 -12.337
49.045 16.115 -11.992
50.590 17.343 -13.690
49.877 21.280 -11.268
50.931 22.255 -11.050
50.977 22.444 -9.560
52.055 22.543 -8.965
50.592 23.579 -11.721
50.549 23.491 -13.235
50.070 24.809 -13.832
51.891 23.156 -13.709
49.806 22.462 -8.956
49.696 22.643 -7.518
50.248 21.446 -6.747
51.104 21.568 -5.885
48.223 22.871 -7.108
47.703 24.251 -7.403
47.662 25.252 -6.456
47.224 24.802 -8.539
47.182 26.362 -6.996
46.909 26.116 -8.261
49.789 20.267 -7.098
50.185 19.077 -6.369
51.664 18.810 -6.409
52.260 18.292 -5.466
49.382 17.901 -6.885
52.272 19.181 -7.506
53.688 18.968 -7.635
54.466 20.041 -6.897
55.531 19.784 -6.363
54.059 18.963 -9.116
55.483 18.713 -9.361
56.114 17.617 -8.783
56.240 19.606 -10.072
57.502 17.420 -8.906
57.609 19.411 -10.198
58.237 18.311 -9.609
53.946 21.256 -6.843
54.713 22.318 -6.200
54.941 21.917 -4.749
56.042 22.048 -4.201
53.924 23.603 -6.308
54.601 24.833 -5.811
54.546 24.842 -4.326
54.733 26.154 -3.736
53.754 27.047 -3.625
52.551